1 0 37407
2 37407 922
3 38329 24060
4 62389 129753
5 192142 7261
6 199403 3469
7 202872 5086
8 207958 10731
9 218689 8897
10 227586 11995
11 239581 6885
12 246466 14276
13 260742 8594
14 269336 3924
15 273260 11833
16 285093 3690
17 288783 4924
18 293707 4205
19 297912 1969
20 299881 37973
21 337854 3335
22 341189 4911
23 346100 38087
24 384187 27142
25 411329 3404
26 414733 2962
27 417695 3072
28 420767 3036
29 423803 10816
30 434619 7117
31 441736 999
32 442735 6194
33 448929 3757
34 452686 17506
35 470192 28952
36 499144 45094
37 544238 64122
38 608360 1470
39 609830 42469
40 652299 23827
41 676126 3278
42 679404 32341
43 711745 2850
44 714595 1579
45 716174 38247
46 754421 6401
47 760822 64870
48 825692 8309
49 834001 16875
50 850876 31010
51 881886 2930
52 884816 8985
53 893801 10503
54 904304 70924
55 975228 2472
56 977700 17330
57 995030 2450
58 997480 14358
59 1011838 214460
60 1226298 3101
61 1229399 3041
62 1232440 76950
63 1309390 21978
64 1331368 6412
65 1337780 10430
66 1348210 6993
67 1355203 8125
68 1363328 10133
69 1373461 3738
70 1377199 86858
71 1464057 15985
72 1480042 20970
73 1501012 20514
74 1521526 2534
75 1524060 9119
76 1533179 3277
77 1536456 3697
78 1540153 3357
79 1543510 58037
80 1601547 4732
81 1606279 5345
82 1611624 3478
83 1615102 17904
84 1633006 5218
85 1638224 5543
86 1643767 17306
87 1661073 2699
88 1663772 29281
89 1693053 65805
90 1758858 18153
91 1777011 3975
92 1780986 57916
93 1838902 18911
94 1857813 13445
95 1871258 20110
96 1891368 5051
97 1896419 27449
98 1923868 4362
99 1928230 43094
100 1971324 2576
101 1973900 23077
102 1996977 11615
103 2008592 4512
104 2013104 7642
105 2020746 66808
106 2087554 24601
107 2112155 10809
108 2122964 150573
109 2273537 5185
110 2278722 22731
111 2301453 11480
112 2312933 32983
113 2345916 2898
114 2348814 1943
115 2350757 2540
116 2353297 2180
117 2355477 4280
118 2359757 35115
119 2394872 1723
120 2396595 20643
121 2417238 44257
122 2461495 810
123 2462305 14251
124 2476556 2979
125 2479535 4500
126 2484035 132704
127 2616739 1125
128 2617864 17754
129 2635618 23927
130 2659545 1135
131 2660680 63124
